100001 | 0 | 0 | 0 | 0 | 0 | 2000-01-01T00:00:00 |  2000-01-01T00:00:00
100002 | 0 | 0 | 0 | 0 | 0 | 2000-01-01T00:00:00 |  2000-01-01T00:00:00
100003 | 0 | 0 | 0 | 0 | 0 | 2000-01-01T00:00:00 |  2000-01-01T00:00:00
100004 | 0 | 0 | 0 | 0 | 0 | 2000-01-01T00:00:00 | 2000-01-01T00:00:00
100005 | 0 | 0 | 0 | 0 | 0 | 2000-01-01T00:00:00 |  2000-01-01T00:00:00
100006 | 0 | 0 | 0 | 0 | 0 | 2000-01-01T00:00:00 |  2000-01-01T00:00:00
100007 | 0 | 0 | 0 | 0 | 0 | 2000-01-01T00:00:00 |  2000-01-01T00:00:00
100008 | 0 | 0 | 0 | 0 | 0 | 2000-01-01T00:00:00 |  2000-01-01T00:00:00
100009 | 0 | 0 | 0 | 0 | 0 | 2000-01-01T00:00:00 |  2000-01-01T00:00:00
100010 | 0 | 0 | 0 | 0 | 0 | 2000-01-01T00:00:00 |  2000-01-01T00:00:00
100011 | 0 | 0 | 0 | 0 | 0 | 2000-01-01T00:00:00 |  2000-01-01T00:00:00
100012 | 0 | 0 | 0 | 0 | 0 | 2000-01-01T00:00:00 |  2000-01-01T00:00:00
100013 | 0 | 0 | 0 | 0 | 0 | 2000-01-01T00:00:00 |  2000-01-01T00:00:00
100014 | 0 | 0 | 0 | 0 | 0 | 2000-01-01T00:00:00 |  2000-01-01T00:00:00
100015 | 0 | 0 | 0 | 0 | 0 | 2000-01-01T00:00:00 |  2000-01-01T00:00:00
100016 | 0 | 0 | 0 | 0 | 0 | 2000-01-01T00:00:00 |  2000-01-01T00:00:00
100017 | 0 | 0 | 0 | 0 | 0 | 2000-01-01T00:00:00 |  2000-01-01T00:00:00
100018 | 0 | 0 | 0 | 0 | 0 | 2000-01-01T00:00:00 |  2000-01-01T00:00:00
100019 | 0 | 0 | 0 | 0 | 0 | 2000-01-01T00:00:00 |  2000-01-01T00:00:00
100020 | 0 | 0 | 0 | 0 | 0 | 2000-01-01T00:00:00 |  2000-01-01T00:00:00
100021 | 0 | 0 | 0 | 0 | 0 | 2000-01-01T00:00:00 |  2000-01-01T00:00:00
100022 | 0 | 0 | 0 | 0 | 0 | 2000-01-01T00:00:00 |  2000-01-01T00:00:00
100023 | 0 | 0 | 0 | 0 | 0 | 2000-01-01T00:00:00 |  2000-01-01T00:00:00
100024 | 0 | 0 | 0 | 0 | 0 | 2000-01-01T00:00:00 |  2000-01-01T00:00:00
100025 | 0 | 0 | 0 | 0 | 0 | 2000-01-01T00:00:00 |  2000-01-01T00:00:00
100026 | 0 | 0 | 0 | 0 | 0 | 2000-01-01T00:00:00 |  2000-01-01T00:00:00
100027 | 0 | 0 | 0 | 0 | 0 | 2000-01-01T00:00:00 |  2000-01-01T00:00:00
100028 | 0 | 0 | 0 | 0 | 0 | 2000-01-01T00:00:00 |  2000-01-01T00:00:00
100029 | 0 | 0 | 0 | 0 | 0 | 2000-01-01T00:00:00 |  2000-01-01T00:00:00
100030 | 0 | 0 | 0 | 0 | 0 | 2000-01-01T00:00:00 |  2000-01-01T00:00:00
100031 | 0 | 0 | 0 | 0 | 0 | 2000-01-01T00:00:00 |  2000-01-01T00:00:00
100032 | 0 | 0 | 0 | 0 | 0 | 2000-01-01T00:00:00 |  2000-01-01T00:00:00
100033 | 0 | 0 | 0 | 0 | 0 | 2000-01-01T00:00:00 |  2000-01-01T00:00:00
100034 | 0 | 0 | 0 | 0 | 0 | 2000-01-01T00:00:00 |  2000-01-01T00:00:00
100035 | 0 | 0 | 0 | 0 | 0 | 2000-01-01T00:00:00 |  2000-01-01T00:00:00
100036 | 0 | 0 | 0 | 0 | 0 | 2000-01-01T00:00:00 |  2000-01-01T00:00:00
100037 | 0 | 0 | 0 | 0 | 0 | 2000-01-01T00:00:00 |  2000-01-01T00:00:00
100038 | 0 | 0 | 0 | 0 | 0 | 2000-01-01T00:00:00 |  2000-01-01T00:00:00
100039 | 0 | 0 | 0 | 0 | 0 | 2000-01-01T00:00:00 |  2000-01-01T00:00:00
100040 | 0 | 0 | 0 | 0 | 0 | 2000-01-01T00:00:00 |  2000-01-01T00:00:00
100041 | 0 | 0 | 0 | 0 | 0 | 2000-01-01T00:00:00 |  2000-01-01T00:00:00
100042 | 0 | 0 | 0 | 0 | 0 | 2000-01-01T00:00:00 |  2000-01-01T00:00:00
100043 | 0 | 0 | 0 | 0 | 0 | 2000-01-01T00:00:00 |  2000-01-01T00:00:00
100044 | 0 | 0 | 0 | 0 | 0 | 2000-01-01T00:00:00 |  2000-01-01T00:00:00
100045 | 0 | 0 | 0 | 0 | 0 | 2000-01-01T00:00:00 |  2000-01-01T00:00:00
100046 | 0 | 0 | 0 | 0 | 0 | 2000-01-01T00:00:00 |  2000-01-01T00:00:00
100047 | 0 | 0 | 0 | 0 | 0 | 2000-01-01T00:00:00 |  2000-01-01T00:00:00
100048 | 0 | 0 | 0 | 0 | 0 | 2000-01-01T00:00:00 |  2000-01-01T00:00:00
100049 | 0 | 0 | 0 | 0 | 0 | 2000-01-01T00:00:00 |  2000-01-01T00:00:00
100050 | 0 | 0 | 0 | 0 | 0 | 2000-01-01T00:00:00 |  2000-01-01T00:00:00
100051 | 0 | 0 | 0 | 0 | 0 | 2000-01-01T00:00:00 |  2000-01-01T00:00:00
100052 | 0 | 0 | 0 | 0 | 0 | 2000-01-01T00:00:00 |  2000-01-01T00:00:00
100053 | 0 | 0 | 0 | 0 | 0 | 2000-01-01T00:00:00 |  2000-01-01T00:00:00
100054 | 0 | 0 | 0 | 0 | 0 | 2000-01-01T00:00:00 |  2000-01-01T00:00:00
100055 | 0 | 0 | 0 | 0 | 0 | 2000-01-01T00:00:00 |  2000-01-01T00:00:00
100056 | 0 | 0 | 0 | 0 | 0 | 2000-01-01T00:00:00 |  2000-01-01T00:00:00
100057 | 0 | 0 | 0 | 0 | 0 | 2000-01-01T00:00:00 |  2000-01-01T00:00:00
100058 | 0 | 0 | 0 | 0 | 0 | 2000-01-01T00:00:00 |  2000-01-01T00:00:00
100059 | 0 | 0 | 0 | 0 | 0 | 2000-01-01T00:00:00 |  2000-01-01T00:00:00
100060 | 0 | 0 | 0 | 0 | 0 | 2000-01-01T00:00:00 |  2000-01-01T00:00:00
100061 | 0 | 0 | 0 | 0 | 0 | 2000-01-01T00:00:00 |  2000-01-01T00:00:00
100062 | 0 | 0 | 0 | 0 | 0 | 2000-01-01T00:00:00 |  2000-01-01T00:00:00
100063 | 0 | 0 | 0 | 0 | 0 | 2000-01-01T00:00:00 |  2000-01-01T00:00:00
100064 | 0 | 0 | 0 | 0 | 0 | 2000-01-01T00:00:00 |  2000-01-01T00:00:00
100065 | 0 | 0 | 0 | 0 | 0 | 2000-01-01T00:00:00 |  2000-01-01T00:00:00
100066 | 0 | 0 | 0 | 0 | 0 | 2000-01-01T00:00:00 |  2000-01-01T00:00:00
100067 | 0 | 0 | 0 | 0 | 0 | 2000-01-01T00:00:00 |  2000-01-01T00:00:00
100068 | 0 | 0 | 0 | 0 | 0 | 2000-01-01T00:00:00 |  2000-01-01T00:00:00
100069 | 0 | 0 | 0 | 0 | 0 | 2000-01-01T00:00:00 |  2000-01-01T00:00:00
100070 | 0 | 0 | 0 | 0 | 0 | 2000-01-01T00:00:00 |  2000-01-01T00:00:00
100071 | 0 | 0 | 0 | 0 | 0 | 2000-01-01T00:00:00 |  2000-01-01T00:00:00
100072 | 0 | 0 | 0 | 0 | 0 | 2000-01-01T00:00:00 |  2000-01-01T00:00:00
100073 | 0 | 0 | 0 | 0 | 0 | 2000-01-01T00:00:00 |  2000-01-01T00:00:00
100074 | 0 | 0 | 0 | 0 | 0 | 2000-01-01T00:00:00 |  2000-01-01T00:00:00
100075 | 0 | 0 | 0 | 0 | 0 | 2000-01-01T00:00:00 |  2000-01-01T00:00:00
100076 | 0 | 0 | 0 | 0 | 0 | 2000-01-01T00:00:00 |  2000-01-01T00:00:00
100077 | 0 | 0 | 0 | 0 | 0 | 2000-01-01T00:00:00 |  2000-01-01T00:00:00
100078 | 0 | 0 | 0 | 0 | 0 | 2000-01-01T00:00:00 |  2000-01-01T00:00:00
100079 | 0 | 0 | 0 | 0 | 0 | 2000-01-01T00:00:00 |  2000-01-01T00:00:00
100080 | 0 | 0 | 0 | 0 | 0 | 2000-01-01T00:00:00 |  2000-01-01T00:00:00
100081 | 0 | 0 | 0 | 0 | 0 | 2000-01-01T00:00:00 |  2000-01-01T00:00:00
100082 | 0 | 0 | 0 | 0 | 0 | 2000-01-01T00:00:00 |  2000-01-01T00:00:00
100083 | 0 | 0 | 0 | 0 | 0 | 2000-01-01T00:00:00 |  2000-01-01T00:00:00
100084 | 0 | 0 | 0 | 0 | 0 | 2000-01-01T00:00:00 |  2000-01-01T00:00:00
100085 | 0 | 0 | 0 | 0 | 0 | 2000-01-01T00:00:00 |  2000-01-01T00:00:00
100086 | 0 | 0 | 0 | 0 | 0 | 2000-01-01T00:00:00 |  2000-01-01T00:00:00
100087 | 0 | 0 | 0 | 0 | 0 | 2000-01-01T00:00:00 |  2000-01-01T00:00:00
100088 | 0 | 0 | 0 | 0 | 0 | 2000-01-01T00:00:00 |  2000-01-01T00:00:00
100089 | 0 | 0 | 0 | 0 | 0 | 2000-01-01T00:00:00 |  2000-01-01T00:00:00
100090 | 0 | 0 | 0 | 0 | 0 | 2000-01-01T00:00:00 |  2000-01-01T00:00:00
100091 | 0 | 0 | 0 | 0 | 0 | 2000-01-01T00:00:00 |  2000-01-01T00:00:00
100092 | 0 | 0 | 0 | 0 | 0 | 2000-01-01T00:00:00 |  2000-01-01T00:00:00
100093 | 0 | 0 | 0 | 0 | 0 | 2000-01-01T00:00:00 |  2000-01-01T00:00:00
100094 | 0 | 0 | 0 | 0 | 0 | 2000-01-01T00:00:00 |  2000-01-01T00:00:00
100095 | 0 | 0 | 0 | 0 | 0 | 2000-01-01T00:00:00 |  2000-01-01T00:00:00
100096 | 0 | 0 | 0 | 0 | 0 | 2000-01-01T00:00:00 |  2000-01-01T00:00:00
100097 | 0 | 0 | 0 | 0 | 0 | 2000-01-01T00:00:00 |  2000-01-01T00:00:00
100098 | 0 | 0 | 0 | 0 | 0 | 2000-01-01T00:00:00 |  2000-01-01T00:00:00
100099 | 0 | 0 | 0 | 0 | 0 | 2000-01-01T00:00:00 |  2000-01-01T00:00:00
100100 | 0 | 0 | 0 | 0 | 0 | 2000-01-01T00:00:00 |  2000-01-01T00:00:00
100101 | 0 | 0 | 0 | 0 | 0 | 2000-01-01T00:00:00 |  2000-01-01T00:00:00
100102 | 0 | 0 | 0 | 0 | 0 | 2000-01-01T00:00:00 |  2000-01-01T00:00:00
100103 | 0 | 0 | 0 | 0 | 0 | 2000-01-01T00:00:00 |  2000-01-01T00:00:00
100104 | 0 | 0 | 0 | 0 | 0 | 2000-01-01T00:00:00 |  2000-01-01T00:00:00
100105 | 0 | 0 | 0 | 0 | 0 | 2000-01-01T00:00:00 |  2000-01-01T00:00:00
100106 | 0 | 0 | 0 | 0 | 0 | 2000-01-01T00:00:00 |  2000-01-01T00:00:00
100107 | 0 | 0 | 0 | 0 | 0 | 2000-01-01T00:00:00 |  2000-01-01T00:00:00
100108 | 0 | 0 | 0 | 0 | 0 | 2000-01-01T00:00:00 |  2000-01-01T00:00:00
100109 | 0 | 0 | 0 | 0 | 0 | 2000-01-01T00:00:00 |  2000-01-01T00:00:00
100110 | 0 | 0 | 0 | 0 | 0 | 2000-01-01T00:00:00 |  2000-01-01T00:00:00
100111 | 0 | 0 | 0 | 0 | 0 | 2000-01-01T00:00:00 |  2000-01-01T00:00:00
100112 | 0 | 0 | 0 | 0 | 0 | 2000-01-01T00:00:00 |  2000-01-01T00:00:00
100113 | 0 | 0 | 0 | 0 | 0 | 2000-01-01T00:00:00 |  2000-01-01T00:00:00
100114 | 0 | 0 | 0 | 0 | 0 | 2000-01-01T00:00:00 |  2000-01-01T00:00:00
100115 | 0 | 0 | 0 | 0 | 0 | 2000-01-01T00:00:00 |  2000-01-01T00:00:00
100116 | 0 | 0 | 0 | 0 | 0 | 2000-01-01T00:00:00 |  2000-01-01T00:00:00
100117 | 0 | 0 | 0 | 0 | 0 | 2000-01-01T00:00:00 |  2000-01-01T00:00:00
100118 | 0 | 0 | 0 | 0 | 0 | 2000-01-01T00:00:00 |  2000-01-01T00:00:00
100119 | 0 | 0 | 0 | 0 | 0 | 2000-01-01T00:00:00 |  2000-01-01T00:00:00
100120 | 0 | 0 | 0 | 0 | 0 | 2000-01-01T00:00:00 |  2000-01-01T00:00:00
100121 | 0 | 0 | 0 | 0 | 0 | 2000-01-01T00:00:00 |  2000-01-01T00:00:00
100122 | 0 | 0 | 0 | 0 | 0 | 2000-01-01T00:00:00 |  2000-01-01T00:00:00
100123 | 0 | 0 | 0 | 0 | 0 | 2000-01-01T00:00:00 |  2000-01-01T00:00:00
100124 | 0 | 0 | 0 | 0 | 0 | 2000-01-01T00:00:00 |  2000-01-01T00:00:00
100125 | 0 | 0 | 0 | 0 | 0 | 2000-01-01T00:00:00 |  2000-01-01T00:00:00
100126 | 0 | 0 | 0 | 0 | 0 | 2000-01-01T00:00:00 |  2000-01-01T00:00:00
100127 | 0 | 0 | 0 | 0 | 0 | 2000-01-01T00:00:00 |  2000-01-01T00:00:00
100128 | 0 | 0 | 0 | 0 | 0 | 2000-01-01T00:00:00 |  2000-01-01T00:00:00
100129 | 0 | 0 | 0 | 0 | 0 | 2000-01-01T00:00:00 |  2000-01-01T00:00:00
100130 | 0 | 0 | 0 | 0 | 0 | 2000-01-01T00:00:00 |  2000-01-01T00:00:00
100131 | 0 | 0 | 0 | 0 | 0 | 2000-01-01T00:00:00 |  2000-01-01T00:00:00
100132 | 0 | 0 | 0 | 0 | 0 | 2000-01-01T00:00:00 |  2000-01-01T00:00:00
100133 | 0 | 0 | 0 | 0 | 0 | 2000-01-01T00:00:00 |  2000-01-01T00:00:00
100134 | 0 | 0 | 0 | 0 | 0 | 2000-01-01T00:00:00 |  2000-01-01T00:00:00
100135 | 0 | 0 | 0 | 0 | 0 | 2000-01-01T00:00:00 |  2000-01-01T00:00:00
100136 | 0 | 0 | 0 | 0 | 0 | 2000-01-01T00:00:00 |  2000-01-01T00:00:00
100137 | 0 | 0 | 0 | 0 | 0 | 2000-01-01T00:00:00 |  2000-01-01T00:00:00
100138 | 0 | 0 | 0 | 0 | 0 | 2000-01-01T00:00:00 |  2000-01-01T00:00:00
100139 | 0 | 0 | 0 | 0 | 0 | 2000-01-01T00:00:00 |  2000-01-01T00:00:00
100140 | 0 | 0 | 0 | 0 | 0 | 2000-01-01T00:00:00 |  2000-01-01T00:00:00
100141 | 0 | 0 | 0 | 0 | 0 | 2000-01-01T00:00:00 |  2000-01-01T00:00:00
100142 | 0 | 0 | 0 | 0 | 0 | 2000-01-01T00:00:00 |  2000-01-01T00:00:00
100143 | 0 | 0 | 0 | 0 | 0 | 2000-01-01T00:00:00 |  2000-01-01T00:00:00
100144 | 0 | 0 | 0 | 0 | 0 | 2000-01-01T00:00:00 |  2000-01-01T00:00:00
100145 | 0 | 0 | 0 | 0 | 0 | 2000-01-01T00:00:00 |  2000-01-01T00:00:00
100146 | 0 | 0 | 0 | 0 | 0 | 2000-01-01T00:00:00 |  2000-01-01T00:00:00
100147 | 0 | 0 | 0 | 0 | 0 | 2000-01-01T00:00:00 |  2000-01-01T00:00:00
100148 | 0 | 0 | 0 | 0 | 0 | 2000-01-01T00:00:00 |  2000-01-01T00:00:00
100149 | 0 | 0 | 0 | 0 | 0 | 2000-01-01T00:00:00 |  2000-01-01T00:00:00
100150 | 0 | 0 | 0 | 0 | 0 | 2000-01-01T00:00:00 |  2000-01-01T00:00:00
100151 | 0 | 0 | 0 | 0 | 0 | 2000-01-01T00:00:00 |  2000-01-01T00:00:00
100152 | 0 | 0 | 0 | 0 | 0 | 2000-01-01T00:00:00 |  2000-01-01T00:00:00
100153 | 0 | 0 | 0 | 0 | 0 | 2000-01-01T00:00:00 |  2000-01-01T00:00:00
100154 | 0 | 0 | 0 | 0 | 0 | 2000-01-01T00:00:00 |  2000-01-01T00:00:00
100155 | 0 | 0 | 0 | 0 | 0 | 2000-01-01T00:00:00 |  2000-01-01T00:00:00
100156 | 0 | 0 | 0 | 0 | 0 | 2000-01-01T00:00:00 |  2000-01-01T00:00:00
100157 | 0 | 0 | 0 | 0 | 0 | 2000-01-01T00:00:00 |  2000-01-01T00:00:00
100158 | 0 | 0 | 0 | 0 | 0 | 2000-01-01T00:00:00 |  2000-01-01T00:00:00
100159 | 0 | 0 | 0 | 0 | 0 | 2000-01-01T00:00:00 |  2000-01-01T00:00:00
100160 | 0 | 0 | 0 | 0 | 0 | 2000-01-01T00:00:00 |  2000-01-01T00:00:00
100161 | 0 | 0 | 0 | 0 | 0 | 2000-01-01T00:00:00 |  2000-01-01T00:00:00
100162 | 0 | 0 | 0 | 0 | 0 | 2000-01-01T00:00:00 |  2000-01-01T00:00:00
100163 | 0 | 0 | 0 | 0 | 0 | 2000-01-01T00:00:00 |  2000-01-01T00:00:00
100164 | 0 | 0 | 0 | 0 | 0 | 2000-01-01T00:00:00 |  2000-01-01T00:00:00
100165 | 0 | 0 | 0 | 0 | 0 | 2000-01-01T00:00:00 |  2000-01-01T00:00:00
100166 | 0 | 0 | 0 | 0 | 0 | 2000-01-01T00:00:00 |  2000-01-01T00:00:00
100167 | 0 | 0 | 0 | 0 | 0 | 2000-01-01T00:00:00 |  2000-01-01T00:00:00
100168 | 0 | 0 | 0 | 0 | 0 | 2000-01-01T00:00:00 |  2000-01-01T00:00:00
100169 | 0 | 0 | 0 | 0 | 0 | 2000-01-01T00:00:00 |  2000-01-01T00:00:00
100170 | 0 | 0 | 0 | 0 | 0 | 2000-01-01T00:00:00 |  2000-01-01T00:00:00
100171 | 0 | 0 | 0 | 0 | 0 | 2000-01-01T00:00:00 |  2000-01-01T00:00:00
100172 | 0 | 0 | 0 | 0 | 0 | 2000-01-01T00:00:00 |  2000-01-01T00:00:00
100173 | 0 | 0 | 0 | 0 | 0 | 2000-01-01T00:00:00 |  2000-01-01T00:00:00
100174 | 0 | 0 | 0 | 0 | 0 | 2000-01-01T00:00:00 |  2000-01-01T00:00:00
100175 | 0 | 0 | 0 | 0 | 0 | 2000-01-01T00:00:00 |  2000-01-01T00:00:00
100176 | 0 | 0 | 0 | 0 | 0 | 2000-01-01T00:00:00 |  2000-01-01T00:00:00
100177 | 0 | 0 | 0 | 0 | 0 | 2000-01-01T00:00:00 |  2000-01-01T00:00:00
100178 | 0 | 0 | 0 | 0 | 0 | 2000-01-01T00:00:00 |  2000-01-01T00:00:00
100179 | 0 | 0 | 0 | 0 | 0 | 2000-01-01T00:00:00 |  2000-01-01T00:00:00
100180 | 0 | 0 | 0 | 0 | 0 | 2000-01-01T00:00:00 |  2000-01-01T00:00:00
100181 | 0 | 0 | 0 | 0 | 0 | 2000-01-01T00:00:00 |  2000-01-01T00:00:00
100182 | 0 | 0 | 0 | 0 | 0 | 2000-01-01T00:00:00 |  2000-01-01T00:00:00
100183 | 0 | 0 | 0 | 0 | 0 | 2000-01-01T00:00:00 |  2000-01-01T00:00:00
100184 | 0 | 0 | 0 | 0 | 0 | 2000-01-01T00:00:00 |  2000-01-01T00:00:00
100185 | 0 | 0 | 0 | 0 | 0 | 2000-01-01T00:00:00 |  2000-01-01T00:00:00
100186 | 0 | 0 | 0 | 0 | 0 | 2000-01-01T00:00:00 |  2000-01-01T00:00:00
100187 | 0 | 0 | 0 | 0 | 0 | 2000-01-01T00:00:00 |  2000-01-01T00:00:00
100188 | 0 | 0 | 0 | 0 | 0 | 2000-01-01T00:00:00 |  2000-01-01T00:00:00
100189 | 0 | 0 | 0 | 0 | 0 | 2000-01-01T00:00:00 |  2000-01-01T00:00:00
100190 | 0 | 0 | 0 | 0 | 0 | 2000-01-01T00:00:00 |  2000-01-01T00:00:00
100191 | 0 | 0 | 0 | 0 | 0 | 2000-01-01T00:00:00 |  2000-01-01T00:00:00
100192 | 0 | 0 | 0 | 0 | 0 | 2000-01-01T00:00:00 |  2000-01-01T00:00:00
100193 | 0 | 0 | 0 | 0 | 0 | 2000-01-01T00:00:00 |  2000-01-01T00:00:00
100194 | 0 | 0 | 0 | 0 | 0 | 2000-01-01T00:00:00 |  2000-01-01T00:00:00
100195 | 0 | 0 | 0 | 0 | 0 | 2000-01-01T00:00:00 |  2000-01-01T00:00:00
100196 | 0 | 0 | 0 | 0 | 0 | 2000-01-01T00:00:00 |  2000-01-01T00:00:00
100197 | 0 | 0 | 0 | 0 | 0 | 2000-01-01T00:00:00 |  2000-01-01T00:00:00
100198 | 0 | 0 | 0 | 0 | 0 | 2000-01-01T00:00:00 |  2000-01-01T00:00:00
100199 | 0 | 0 | 0 | 0 | 0 | 2000-01-01T00:00:00 |  2000-01-01T00:00:00
100200 | 0 | 0 | 0 | 0 | 0 | 2000-01-01T00:00:00 |  2000-01-01T00:00:00
100201 | 0 | 0 | 0 | 0 | 0 | 2000-01-01T00:00:00 |  2000-01-01T00:00:00
100202 | 0 | 0 | 0 | 0 | 0 | 2000-01-01T00:00:00 |  2000-01-01T00:00:00
100203 | 0 | 0 | 0 | 0 | 0 | 2000-01-01T00:00:00 |  2000-01-01T00:00:00
100204 | 0 | 0 | 0 | 0 | 0 | 2000-01-01T00:00:00 |  2000-01-01T00:00:00
100205 | 0 | 0 | 0 | 0 | 0 | 2000-01-01T00:00:00 |  2000-01-01T00:00:00
100206 | 0 | 0 | 0 | 0 | 0 | 2000-01-01T00:00:00 |  2000-01-01T00:00:00
100207 | 0 | 0 | 0 | 0 | 0 | 2000-01-01T00:00:00 |  2000-01-01T00:00:00
100208 | 0 | 0 | 0 | 0 | 0 | 2000-01-01T00:00:00 |  2000-01-01T00:00:00
100209 | 0 | 0 | 0 | 0 | 0 | 2000-01-01T00:00:00 |  2000-01-01T00:00:00
100210 | 0 | 0 | 0 | 0 | 0 | 2000-01-01T00:00:00 |  2000-01-01T00:00:00
100211 | 0 | 0 | 0 | 0 | 0 | 2000-01-01T00:00:00 |  2000-01-01T00:00:00
100212 | 0 | 0 | 0 | 0 | 0 | 2000-01-01T00:00:00 |  2000-01-01T00:00:00
100213 | 0 | 0 | 0 | 0 | 0 | 2000-01-01T00:00:00 |  2000-01-01T00:00:00
100214 | 0 | 0 | 0 | 0 | 0 | 2000-01-01T00:00:00 |  2000-01-01T00:00:00
100215 | 0 | 0 | 0 | 0 | 0 | 2000-01-01T00:00:00 |  2000-01-01T00:00:00
100216 | 0 | 0 | 0 | 0 | 0 | 2000-01-01T00:00:00 |  2000-01-01T00:00:00
100217 | 0 | 0 | 0 | 0 | 0 | 2000-01-01T00:00:00 |  2000-01-01T00:00:00
100218 | 0 | 0 | 0 | 0 | 0 | 2000-01-01T00:00:00 |  2000-01-01T00:00:00
100219 | 0 | 0 | 0 | 0 | 0 | 2000-01-01T00:00:00 |  2000-01-01T00:00:00
100220 | 0 | 0 | 0 | 0 | 0 | 2000-01-01T00:00:00 |  2000-01-01T00:00:00
100221 | 0 | 0 | 0 | 0 | 0 | 2000-01-01T00:00:00 |  2000-01-01T00:00:00
100222 | 0 | 0 | 0 | 0 | 0 | 2000-01-01T00:00:00 |  2000-01-01T00:00:00
100223 | 0 | 0 | 0 | 0 | 0 | 2000-01-01T00:00:00 |  2000-01-01T00:00:00
100224 | 0 | 0 | 0 | 0 | 0 | 2000-01-01T00:00:00 |  2000-01-01T00:00:00
100225 | 0 | 0 | 0 | 0 | 0 | 2000-01-01T00:00:00 |  2000-01-01T00:00:00
100226 | 0 | 0 | 0 | 0 | 0 | 2000-01-01T00:00:00 |  2000-01-01T00:00:00
100227 | 0 | 0 | 0 | 0 | 0 | 2000-01-01T00:00:00 |  2000-01-01T00:00:00
100228 | 0 | 0 | 0 | 0 | 0 | 2000-01-01T00:00:00 |  2000-01-01T00:00:00
100229 | 0 | 0 | 0 | 0 | 0 | 2000-01-01T00:00:00 |  2000-01-01T00:00:00
100230 | 0 | 0 | 0 | 0 | 0 | 2000-01-01T00:00:00 |  2000-01-01T00:00:00
100231 | 0 | 0 | 0 | 0 | 0 | 2000-01-01T00:00:00 |  2000-01-01T00:00:00
100232 | 0 | 0 | 0 | 0 | 0 | 2000-01-01T00:00:00 |  2000-01-01T00:00:00
100233 | 0 | 0 | 0 | 0 | 0 | 2000-01-01T00:00:00 |  2000-01-01T00:00:00
100234 | 0 | 0 | 0 | 0 | 0 | 2000-01-01T00:00:00 |  2000-01-01T00:00:00
100235 | 0 | 0 | 0 | 0 | 0 | 2000-01-01T00:00:00 |  2000-01-01T00:00:00
100236 | 0 | 0 | 0 | 0 | 0 | 2000-01-01T00:00:00 |  2000-01-01T00:00:00
100237 | 0 | 0 | 0 | 0 | 0 | 2000-01-01T00:00:00 |  2000-01-01T00:00:00
100238 | 0 | 0 | 0 | 0 | 0 | 2000-01-01T00:00:00 |  2000-01-01T00:00:00
100239 | 0 | 0 | 0 | 0 | 0 | 2000-01-01T00:00:00 |  2000-01-01T00:00:00
100240 | 0 | 0 | 0 | 0 | 0 | 2000-01-01T00:00:00 |  2000-01-01T00:00:00
100241 | 0 | 0 | 0 | 0 | 0 | 2000-01-01T00:00:00 |  2000-01-01T00:00:00
100242 | 0 | 0 | 0 | 0 | 0 | 2000-01-01T00:00:00 |  2000-01-01T00:00:00
100243 | 0 | 0 | 0 | 0 | 0 | 2000-01-01T00:00:00 |  2000-01-01T00:00:00
100244 | 0 | 0 | 0 | 0 | 0 | 2000-01-01T00:00:00 |  2000-01-01T00:00:00
100245 | 0 | 0 | 0 | 0 | 0 | 2000-01-01T00:00:00 |  2000-01-01T00:00:00
100246 | 0 | 0 | 0 | 0 | 0 | 2000-01-01T00:00:00 |  2000-01-01T00:00:00
100247 | 0 | 0 | 0 | 0 | 0 | 2000-01-01T00:00:00 |  2000-01-01T00:00:00
100248 | 0 | 0 | 0 | 0 | 0 | 2000-01-01T00:00:00 |  2000-01-01T00:00:00
100249 | 0 | 0 | 0 | 0 | 0 | 2000-01-01T00:00:00 |  2000-01-01T00:00:00
100250 | 0 | 0 | 0 | 0 | 0 | 2000-01-01T00:00:00 |  2000-01-01T00:00:00
100251 | 0 | 0 | 0 | 0 | 0 | 2000-01-01T00:00:00 |  2000-01-01T00:00:00
100252 | 0 | 0 | 0 | 0 | 0 | 2000-01-01T00:00:00 |  2000-01-01T00:00:00
100253 | 0 | 0 | 0 | 0 | 0 | 2000-01-01T00:00:00 |  2000-01-01T00:00:00
100254 | 0 | 0 | 0 | 0 | 0 | 2000-01-01T00:00:00 |  2000-01-01T00:00:00
100255 | 0 | 0 | 0 | 0 | 0 | 2000-01-01T00:00:00 |  2000-01-01T00:00:00
100256 | 0 | 0 | 0 | 0 | 0 | 2000-01-01T00:00:00 |  2000-01-01T00:00:00
100257 | 0 | 0 | 0 | 0 | 0 | 2000-01-01T00:00:00 |  2000-01-01T00:00:00
100258 | 0 | 0 | 0 | 0 | 0 | 2000-01-01T00:00:00 |  2000-01-01T00:00:00
100259 | 0 | 0 | 0 | 0 | 0 | 2000-01-01T00:00:00 |  2000-01-01T00:00:00
100260 | 0 | 0 | 0 | 0 | 0 | 2000-01-01T00:00:00 |  2000-01-01T00:00:00
100261 | 0 | 0 | 0 | 0 | 0 | 2000-01-01T00:00:00 |  2000-01-01T00:00:00
100262 | 0 | 0 | 0 | 0 | 0 | 2000-01-01T00:00:00 |  2000-01-01T00:00:00
100263 | 0 | 0 | 0 | 0 | 0 | 2000-01-01T00:00:00 |  2000-01-01T00:00:00
100264 | 0 | 0 | 0 | 0 | 0 | 2000-01-01T00:00:00 |  2000-01-01T00:00:00
100265 | 0 | 0 | 0 | 0 | 0 | 2000-01-01T00:00:00 |  2000-01-01T00:00:00
100266 | 0 | 0 | 0 | 0 | 0 | 2000-01-01T00:00:00 |  2000-01-01T00:00:00
100267 | 0 | 0 | 0 | 0 | 0 | 2000-01-01T00:00:00 |  2000-01-01T00:00:00
100268 | 0 | 0 | 0 | 0 | 0 | 2000-01-01T00:00:00 |  2000-01-01T00:00:00
100269 | 0 | 0 | 0 | 0 | 0 | 2000-01-01T00:00:00 |  2000-01-01T00:00:00
100270 | 0 | 0 | 0 | 0 | 0 | 2000-01-01T00:00:00 |  2000-01-01T00:00:00
100271 | 0 | 0 | 0 | 0 | 0 | 2000-01-01T00:00:00 |  2000-01-01T00:00:00
100272 | 0 | 0 | 0 | 0 | 0 | 2000-01-01T00:00:00 |  2000-01-01T00:00:00
100273 | 0 | 0 | 0 | 0 | 0 | 2000-01-01T00:00:00 |  2000-01-01T00:00:00
100274 | 0 | 0 | 0 | 0 | 0 | 2000-01-01T00:00:00 |  2000-01-01T00:00:00
100275 | 0 | 0 | 0 | 0 | 0 | 2000-01-01T00:00:00 |  2000-01-01T00:00:00
100276 | 0 | 0 | 0 | 0 | 0 | 2000-01-01T00:00:00 |  2000-01-01T00:00:00
100277 | 0 | 0 | 0 | 0 | 0 | 2000-01-01T00:00:00 |  2000-01-01T00:00:00
100278 | 0 | 0 | 0 | 0 | 0 | 2000-01-01T00:00:00 |  2000-01-01T00:00:00
100279 | 0 | 0 | 0 | 0 | 0 | 2000-01-01T00:00:00 |  2000-01-01T00:00:00
100280 | 0 | 0 | 0 | 0 | 0 | 2000-01-01T00:00:00 |  2000-01-01T00:00:00
100281 | 0 | 0 | 0 | 0 | 0 | 2000-01-01T00:00:00 |  2000-01-01T00:00:00
100282 | 0 | 0 | 0 | 0 | 0 | 2000-01-01T00:00:00 |  2000-01-01T00:00:00
100283 | 0 | 0 | 0 | 0 | 0 | 2000-01-01T00:00:00 |  2000-01-01T00:00:00
100284 | 0 | 0 | 0 | 0 | 0 | 2000-01-01T00:00:00 |  2000-01-01T00:00:00
100285 | 0 | 0 | 0 | 0 | 0 | 2000-01-01T00:00:00 |  2000-01-01T00:00:00
100286 | 0 | 0 | 0 | 0 | 0 | 2000-01-01T00:00:00 |  2000-01-01T00:00:00
100287 | 0 | 0 | 0 | 0 | 0 | 2000-01-01T00:00:00 |  2000-01-01T00:00:00
100288 | 0 | 0 | 0 | 0 | 0 | 2000-01-01T00:00:00 |  2000-01-01T00:00:00
100289 | 0 | 0 | 0 | 0 | 0 | 2000-01-01T00:00:00 |  2000-01-01T00:00:00
100290 | 0 | 0 | 0 | 0 | 0 | 2000-01-01T00:00:00 |  2000-01-01T00:00:00
100291 | 0 | 0 | 0 | 0 | 0 | 2000-01-01T00:00:00 |  2000-01-01T00:00:00
100292 | 0 | 0 | 0 | 0 | 0 | 2000-01-01T00:00:00 |  2000-01-01T00:00:00
100293 | 0 | 0 | 0 | 0 | 0 | 2000-01-01T00:00:00 |  2000-01-01T00:00:00
100294 | 0 | 0 | 0 | 0 | 0 | 2000-01-01T00:00:00 |  2000-01-01T00:00:00
100295 | 0 | 0 | 0 | 0 | 0 | 2000-01-01T00:00:00 |  2000-01-01T00:00:00
100296 | 0 | 0 | 0 | 0 | 0 | 2000-01-01T00:00:00 |  2000-01-01T00:00:00
100297 | 0 | 0 | 0 | 0 | 0 | 2000-01-01T00:00:00 |  2000-01-01T00:00:00
100298 | 0 | 0 | 0 | 0 | 0 | 2000-01-01T00:00:00 |  2000-01-01T00:00:00
100299 | 0 | 0 | 0 | 0 | 0 | 2000-01-01T00:00:00 |  2000-01-01T00:00:00
100300 | 0 | 0 | 0 | 0 | 0 | 2000-01-01T00:00:00 |  2000-01-01T00:00:00
100301 | 0 | 0 | 0 | 0 | 0 | 2000-01-01T00:00:00 |  2000-01-01T00:00:00
100302 | 0 | 0 | 0 | 0 | 0 | 2000-01-01T00:00:00 |  2000-01-01T00:00:00
100303 | 0 | 0 | 0 | 0 | 0 | 2000-01-01T00:00:00 |  2000-01-01T00:00:00
100304 | 0 | 0 | 0 | 0 | 0 | 2000-01-01T00:00:00 |  2000-01-01T00:00:00
100305 | 0 | 0 | 0 | 0 | 0 | 2000-01-01T00:00:00 |  2000-01-01T00:00:00
100306 | 0 | 0 | 0 | 0 | 0 | 2000-01-01T00:00:00 |  2000-01-01T00:00:00
100307 | 0 | 0 | 0 | 0 | 0 | 2000-01-01T00:00:00 |  2000-01-01T00:00:00
100308 | 0 | 0 | 0 | 0 | 0 | 2000-01-01T00:00:00 |  2000-01-01T00:00:00
100309 | 0 | 0 | 0 | 0 | 0 | 2000-01-01T00:00:00 |  2000-01-01T00:00:00
100310 | 0 | 0 | 0 | 0 | 0 | 2000-01-01T00:00:00 |  2000-01-01T00:00:00
100311 | 0 | 0 | 0 | 0 | 0 | 2000-01-01T00:00:00 |  2000-01-01T00:00:00
100312 | 0 | 0 | 0 | 0 | 0 | 2000-01-01T00:00:00 |  2000-01-01T00:00:00
100313 | 0 | 0 | 0 | 0 | 0 | 2000-01-01T00:00:00 | 2000-01-01T00:00:00
100314 | 0 | 0 | 0 | 0 | 0 | 2000-01-01T00:00:00 |  2000-01-01T00:00:00
100315 | 0 | 0 | 0 | 0 | 0 | 2000-01-01T00:00:00 |  2000-01-01T00:00:00
100317 | 0 | 0 | 0 | 0 | 0 | 2000-01-01T00:00:00 |  2000-01-01T00:00:00
100318 | 0 | 0 | 0 | 0 | 0 | 2000-01-01T00:00:00 |  2000-01-01T00:00:00
100319 | 0 | 0 | 0 | 0 | 0 | 2000-01-01T00:00:00 |  2000-01-01T00:00:00
100320 | 0 | 0 | 0 | 0 | 0 | 2000-01-01T00:00:00 |  2000-01-01T00:00:00
100321 | 0 | 0 | 0 | 0 | 0 | 2000-01-01T00:00:00 |  2000-01-01T00:00:00
100322 | 0 | 0 | 0 | 0 | 0 | 2000-01-01T00:00:00 |  2000-01-01T00:00:00
100323 | 0 | 0 | 0 | 0 | 0 | 2000-01-01T00:00:00 |  2000-01-01T00:00:00
100324 | 0 | 0 | 0 | 0 | 0 | 2000-01-01T00:00:00 |  2000-01-01T00:00:00
100325 | 0 | 0 | 0 | 0 | 0 | 2000-01-01T00:00:00 |  2000-01-01T00:00:00
100326 | 0 | 0 | 0 | 0 | 0 | 2000-01-01T00:00:00 |  2000-01-01T00:00:00
100327 | 0 | 0 | 0 | 0 | 0 | 2000-01-01T00:00:00 |  2000-01-01T00:00:00
100328 | 0 | 0 | 0 | 0 | 0 | 2000-01-01T00:00:00 |  2000-01-01T00:00:00
100329 | 0 | 0 | 0 | 0 | 0 | 2000-01-01T00:00:00 |  2000-01-01T00:00:00
100330 | 0 | 0 | 0 | 0 | 0 | 2000-01-01T00:00:00 |  2000-01-01T00:00:00
100331 | 0 | 0 | 0 | 0 | 0 | 2000-01-01T00:00:00 |  2000-01-01T00:00:00
100332 | 0 | 0 | 0 | 0 | 0 | 2000-01-01T00:00:00 |  2000-01-01T00:00:00
100333 | 0 | 0 | 0 | 0 | 0 | 2000-01-01T00:00:00 |  2000-01-01T00:00:00
100334 | 0 | 0 | 0 | 0 | 0 | 2000-01-01T00:00:00 |  2000-01-01T00:00:00
100335 | 0 | 0 | 0 | 0 | 0 | 2000-01-01T00:00:00 |  2000-01-01T00:00:00
100336 | 0 | 0 | 0 | 0 | 0 | 2000-01-01T00:00:00 |  2000-01-01T00:00:00
100337 | 0 | 0 | 0 | 0 | 0 | 2000-01-01T00:00:00 |  2000-01-01T00:00:00
100338 | 0 | 0 | 0 | 0 | 0 | 2000-01-01T00:00:00 |  2000-01-01T00:00:00
100339 | 0 | 0 | 0 | 0 | 0 | 2000-01-01T00:00:00 |  2000-01-01T00:00:00
100340 | 0 | 0 | 0 | 0 | 0 | 2000-01-01T00:00:00 |  2000-01-01T00:00:00
100341 | 0 | 0 | 0 | 0 | 0 | 2000-01-01T00:00:00 |  2000-01-01T00:00:00
100342 | 0 | 0 | 0 | 0 | 0 | 2000-01-01T00:00:00 |  2000-01-01T00:00:00
100343 | 0 | 0 | 0 | 0 | 0 | 2000-01-01T00:00:00 |  2000-01-01T00:00:00
100344 | 0 | 0 | 0 | 0 | 0 | 2000-01-01T00:00:00 |  2000-01-01T00:00:00
100345 | 0 | 0 | 0 | 0 | 0 | 2000-01-01T00:00:00 |  2000-01-01T00:00:00
100346 | 0 | 0 | 0 | 0 | 0 | 2000-01-01T00:00:00 |  2000-01-01T00:00:00
100347 | 0 | 0 | 0 | 0 | 0 | 2000-01-01T00:00:00 |  2000-01-01T00:00:00
100348 | 0 | 0 | 0 | 0 | 0 | 2000-01-01T00:00:00 |  2000-01-01T00:00:00
100349 | 0 | 0 | 0 | 0 | 0 | 2000-01-01T00:00:00 |  2000-01-01T00:00:00
100350 | 0 | 0 | 0 | 0 | 0 | 2000-01-01T00:00:00 |  2000-01-01T00:00:00
100351 | 0 | 0 | 0 | 0 | 0 | 2000-01-01T00:00:00 |  2000-01-01T00:00:00
100352 | 0 | 0 | 0 | 0 | 0 | 2000-01-01T00:00:00 |  2000-01-01T00:00:00
100353 | 0 | 0 | 0 | 0 | 0 | 2000-01-01T00:00:00 |  2000-01-01T00:00:00
100354 | 0 | 0 | 0 | 0 | 0 | 2000-01-01T00:00:00 |  2000-01-01T00:00:00
100355 | 0 | 0 | 0 | 0 | 0 | 2000-01-01T00:00:00 |  2000-01-01T00:00:00
100356 | 0 | 0 | 0 | 0 | 0 | 2000-01-01T00:00:00 |  2000-01-01T00:00:00
100357 | 0 | 0 | 0 | 0 | 0 | 2000-01-01T00:00:00 |  2000-01-01T00:00:00
100358 | 0 | 0 | 0 | 0 | 0 | 2000-01-01T00:00:00 |  2000-01-01T00:00:00
100359 | 0 | 0 | 0 | 0 | 0 | 2000-01-01T00:00:00 |  2000-01-01T00:00:00
100360 | 0 | 0 | 0 | 0 | 0 | 2000-01-01T00:00:00 |  2000-01-01T00:00:00
100361 | 0 | 0 | 0 | 0 | 0 | 2000-01-01T00:00:00 |  2000-01-01T00:00:00
100362 | 0 | 0 | 0 | 0 | 0 | 2000-01-01T00:00:00 |  2000-01-01T00:00:00
100363 | 0 | 0 | 0 | 0 | 0 | 2000-01-01T00:00:00 |  2000-01-01T00:00:00
100364 | 0 | 0 | 0 | 0 | 0 | 2000-01-01T00:00:00 |  2000-01-01T00:00:00
100365 | 0 | 0 | 0 | 0 | 0 | 2000-01-01T00:00:00 |  2000-01-01T00:00:00
100366 | 0 | 0 | 0 | 0 | 0 | 2000-01-01T00:00:00 |  2000-01-01T00:00:00
100367 | 0 | 0 | 0 | 0 | 0 | 2000-01-01T00:00:00 |  2000-01-01T00:00:00
100368 | 0 | 0 | 0 | 0 | 0 | 2000-01-01T00:00:00 |  2000-01-01T00:00:00
100369 | 0 | 0 | 0 | 0 | 0 | 2000-01-01T00:00:00 |  2000-01-01T00:00:00
100370 | 0 | 0 | 0 | 0 | 0 | 2000-01-01T00:00:00 |  2000-01-01T00:00:00
100371 | 0 | 0 | 0 | 0 | 0 | 2000-01-01T00:00:00 |  2000-01-01T00:00:00
100372 | 0 | 0 | 0 | 0 | 0 | 2000-01-01T00:00:00 |  2000-01-01T00:00:00
100373 | 0 | 0 | 0 | 0 | 0 | 2000-01-01T00:00:00 |  2000-01-01T00:00:00
100374 | 0 | 0 | 0 | 0 | 0 | 2000-01-01T00:00:00 |  2000-01-01T00:00:00
100375 | 0 | 0 | 0 | 0 | 0 | 2000-01-01T00:00:00 |  2000-01-01T00:00:00
100376 | 0 | 0 | 0 | 0 | 0 | 2000-01-01T00:00:00 |  2000-01-01T00:00:00
100377 | 0 | 0 | 0 | 0 | 0 | 2000-01-01T00:00:00 |  2000-01-01T00:00:00
100378 | 0 | 0 | 0 | 0 | 0 | 2000-01-01T00:00:00 |  2000-01-01T00:00:00
100379 | 0 | 0 | 0 | 0 | 0 | 2000-01-01T00:00:00 |  2000-01-01T00:00:00
100380 | 0 | 0 | 0 | 0 | 0 | 2000-01-01T00:00:00 |  2000-01-01T00:00:00
100381 | 0 | 0 | 0 | 0 | 0 | 2000-01-01T00:00:00 |  2000-01-01T00:00:00
100382 | 0 | 0 | 0 | 0 | 0 | 2000-01-01T00:00:00 |  2000-01-01T00:00:00
100383 | 0 | 0 | 0 | 0 | 0 | 2000-01-01T00:00:00 |  2000-01-01T00:00:00
100384 | 0 | 0 | 0 | 0 | 0 | 2000-01-01T00:00:00 |  2000-01-01T00:00:00
100385 | 0 | 0 | 0 | 0 | 0 | 2000-01-01T00:00:00 |  2000-01-01T00:00:00
100386 | 0 | 0 | 0 | 0 | 0 | 2000-01-01T00:00:00 |  2000-01-01T00:00:00
100387 | 0 | 0 | 0 | 0 | 0 | 2000-01-01T00:00:00 |  2000-01-01T00:00:00
100388 | 0 | 0 | 0 | 0 | 0 | 2000-01-01T00:00:00 |  2000-01-01T00:00:00
100389 | 0 | 0 | 0 | 0 | 0 | 2000-01-01T00:00:00 |  2000-01-01T00:00:00
100390 | 0 | 0 | 0 | 0 | 0 | 2000-01-01T00:00:00 |  2000-01-01T00:00:00
100391 | 0 | 0 | 0 | 0 | 0 | 2000-01-01T00:00:00 |  2000-01-01T00:00:00
100392 | 0 | 0 | 0 | 0 | 0 | 2000-01-01T00:00:00 |  2000-01-01T00:00:00
100393 | 0 | 0 | 0 | 0 | 0 | 2000-01-01T00:00:00 |  2000-01-01T00:00:00
100394 | 0 | 0 | 0 | 0 | 0 | 2000-01-01T00:00:00 |  2000-01-01T00:00:00
100395 | 0 | 0 | 0 | 0 | 0 | 2000-01-01T00:00:00 |  2000-01-01T00:00:00
100396 | 0 | 0 | 0 | 0 | 0 | 2000-01-01T00:00:00 |  2000-01-01T00:00:00
100397 | 0 | 0 | 0 | 0 | 0 | 2000-01-01T00:00:00 |  2000-01-01T00:00:00
100398 | 0 | 0 | 0 | 0 | 0 | 2000-01-01T00:00:00 |  2000-01-01T00:00:00
100399 | 0 | 0 | 0 | 0 | 0 | 2000-01-01T00:00:00 |  2000-01-01T00:00:00
100400 | 0 | 0 | 0 | 0 | 0 | 2000-01-01T00:00:00 |  2000-01-01T00:00:00
100401 | 0 | 0 | 0 | 0 | 0 | 2000-01-01T00:00:00 |  2000-01-01T00:00:00
100402 | 0 | 0 | 0 | 0 | 0 | 2000-01-01T00:00:00 |  2000-01-01T00:00:00
100403 | 0 | 0 | 0 | 0 | 0 | 2000-01-01T00:00:00 |  2000-01-01T00:00:00
100404 | 0 | 0 | 0 | 0 | 0 | 2000-01-01T00:00:00 |  2000-01-01T00:00:00
100405 | 0 | 0 | 0 | 0 | 0 | 2000-01-01T00:00:00 |  2000-01-01T00:00:00
100406 | 0 | 0 | 0 | 0 | 0 | 2000-01-01T00:00:00 |  2000-01-01T00:00:00
100407 | 0 | 0 | 0 | 0 | 0 | 2000-01-01T00:00:00 |  2000-01-01T00:00:00
100408 | 0 | 0 | 0 | 0 | 0 | 2000-01-01T00:00:00 |  2000-01-01T00:00:00
100409 | 0 | 0 | 0 | 0 | 0 | 2000-01-01T00:00:00 |  2000-01-01T00:00:00
100410 | 0 | 0 | 0 | 0 | 0 | 2000-01-01T00:00:00 |  2000-01-01T00:00:00
100411 | 0 | 0 | 0 | 0 | 0 | 2000-01-01T00:00:00 |  2000-01-01T00:00:00
100412 | 0 | 0 | 0 | 0 | 0 | 2000-01-01T00:00:00 |  2000-01-01T00:00:00
100413 | 0 | 0 | 0 | 0 | 0 | 2000-01-01T00:00:00 |  2000-01-01T00:00:00
100414 | 0 | 0 | 0 | 0 | 0 | 2000-01-01T00:00:00 |  2000-01-01T00:00:00
100415 | 0 | 0 | 0 | 0 | 0 | 2000-01-01T00:00:00 |  2000-01-01T00:00:00
100416 | 0 | 0 | 0 | 0 | 0 | 2000-01-01T00:00:00 |  2000-01-01T00:00:00
100417 | 0 | 0 | 0 | 0 | 0 | 2000-01-01T00:00:00 |  2000-01-01T00:00:00
100418 | 0 | 0 | 0 | 0 | 0 | 2000-01-01T00:00:00 |  2000-01-01T00:00:00
100419 | 0 | 0 | 0 | 0 | 0 | 2000-01-01T00:00:00 |  2000-01-01T00:00:00
100420 | 0 | 0 | 0 | 0 | 0 | 2000-01-01T00:00:00 |  2000-01-01T00:00:00
100421 | 0 | 0 | 0 | 0 | 0 | 2000-01-01T00:00:00 |  2000-01-01T00:00:00
100422 | 0 | 0 | 0 | 0 | 0 | 2000-01-01T00:00:00 |  2000-01-01T00:00:00
100423 | 0 | 0 | 0 | 0 | 0 | 2000-01-01T00:00:00 |  2000-01-01T00:00:00
100424 | 0 | 0 | 0 | 0 | 0 | 2000-01-01T00:00:00 |  2000-01-01T00:00:00
100425 | 0 | 0 | 0 | 0 | 0 | 2000-01-01T00:00:00 |  2000-01-01T00:00:00
100426 | 0 | 0 | 0 | 0 | 0 | 2000-01-01T00:00:00 |  2000-01-01T00:00:00
100427 | 0 | 0 | 0 | 0 | 0 | 2000-01-01T00:00:00 |  2000-01-01T00:00:00
100428 | 0 | 0 | 0 | 0 | 0 | 2000-01-01T00:00:00 |  2000-01-01T00:00:00
100429 | 0 | 0 | 0 | 0 | 0 | 2000-01-01T00:00:00 |  2000-01-01T00:00:00
100430 | 0 | 0 | 0 | 0 | 0 | 2000-01-01T00:00:00 |  2000-01-01T00:00:00
100431 | 0 | 0 | 0 | 0 | 0 | 2000-01-01T00:00:00 |  2000-01-01T00:00:00
100432 | 0 | 0 | 0 | 0 | 0 | 2000-01-01T00:00:00 |  2000-01-01T00:00:00
100433 | 0 | 0 | 0 | 0 | 0 | 2000-01-01T00:00:00 |  2000-01-01T00:00:00
100434 | 0 | 0 | 0 | 0 | 0 | 2000-01-01T00:00:00 |  2000-01-01T00:00:00
100435 | 0 | 0 | 0 | 0 | 0 | 2000-01-01T00:00:00 |  2000-01-01T00:00:00
100436 | 0 | 0 | 0 | 0 | 0 | 2000-01-01T00:00:00 |  2000-01-01T00:00:00
100437 | 0 | 0 | 0 | 0 | 0 | 2000-01-01T00:00:00 |  2000-01-01T00:00:00
100438 | 0 | 0 | 0 | 0 | 0 | 2000-01-01T00:00:00 |  2000-01-01T00:00:00
100439 | 0 | 0 | 0 | 0 | 0 | 2000-01-01T00:00:00 |  2000-01-01T00:00:00
100440 | 0 | 0 | 0 | 0 | 0 | 2000-01-01T00:00:00 |  2000-01-01T00:00:00
100441 | 0 | 0 | 0 | 0 | 0 | 2000-01-01T00:00:00 |  2000-01-01T00:00:00
100442 | 0 | 0 | 0 | 0 | 0 | 2000-01-01T00:00:00 |  2000-01-01T00:00:00
100443 | 0 | 0 | 0 | 0 | 0 | 2000-01-01T00:00:00 |  2000-01-01T00:00:00
100444 | 0 | 0 | 0 | 0 | 0 | 2000-01-01T00:00:00 |  2000-01-01T00:00:00
100445 | 0 | 0 | 0 | 0 | 0 | 2000-01-01T00:00:00 |  2000-01-01T00:00:00
100446 | 0 | 0 | 0 | 0 | 0 | 2000-01-01T00:00:00 |  2000-01-01T00:00:00
100447 | 0 | 0 | 0 | 0 | 0 | 2000-01-01T00:00:00 |  2000-01-01T00:00:00
100448 | 0 | 0 | 0 | 0 | 0 | 2000-01-01T00:00:00 |  2000-01-01T00:00:00
100449 | 0 | 0 | 0 | 0 | 0 | 2000-01-01T00:00:00 |  2000-01-01T00:00:00
100450 | 0 | 0 | 0 | 0 | 0 | 2000-01-01T00:00:00 |  2000-01-01T00:00:00
100451 | 0 | 0 | 0 | 0 | 0 | 2000-01-01T00:00:00 |  2000-01-01T00:00:00
100452 | 0 | 0 | 0 | 0 | 0 | 2000-01-01T00:00:00 |  2000-01-01T00:00:00
100453 | 0 | 0 | 0 | 0 | 0 | 2000-01-01T00:00:00 |  2000-01-01T00:00:00
100454 | 0 | 0 | 0 | 0 | 0 | 2000-01-01T00:00:00 |  2000-01-01T00:00:00
100455 | 0 | 0 | 0 | 0 | 0 | 2000-01-01T00:00:00 |  2000-01-01T00:00:00
100456 | 0 | 0 | 0 | 0 | 0 | 2000-01-01T00:00:00 |  2000-01-01T00:00:00
100457 | 0 | 0 | 0 | 0 | 0 | 2000-01-01T00:00:00 |  2000-01-01T00:00:00
100458 | 0 | 0 | 0 | 0 | 0 | 2000-01-01T00:00:00 |  2000-01-01T00:00:00
100459 | 0 | 0 | 0 | 0 | 0 | 2000-01-01T00:00:00 |  2000-01-01T00:00:00
100460 | 0 | 0 | 0 | 0 | 0 | 2000-01-01T00:00:00 |  2000-01-01T00:00:00
100461 | 0 | 0 | 0 | 0 | 0 | 2000-01-01T00:00:00 |  2000-01-01T00:00:00
100462 | 0 | 0 | 0 | 0 | 0 | 2000-01-01T00:00:00 |  2000-01-01T00:00:00
100463 | 0 | 0 | 0 | 0 | 0 | 2000-01-01T00:00:00 |  2000-01-01T00:00:00
100464 | 0 | 0 | 0 | 0 | 0 | 2000-01-01T00:00:00 |  2000-01-01T00:00:00
100465 | 0 | 0 | 0 | 0 | 0 | 2000-01-01T00:00:00 |  2000-01-01T00:00:00
100466 | 0 | 0 | 0 | 0 | 0 | 2000-01-01T00:00:00 |  2000-01-01T00:00:00
100467 | 0 | 0 | 0 | 0 | 0 | 2000-01-01T00:00:00 |  2000-01-01T00:00:00
100468 | 0 | 0 | 0 | 0 | 0 | 2000-01-01T00:00:00 |  2000-01-01T00:00:00
100469 | 0 | 0 | 0 | 0 | 0 | 2000-01-01T00:00:00 |  2000-01-01T00:00:00
100470 | 0 | 0 | 0 | 0 | 0 | 2000-01-01T00:00:00 |  2000-01-01T00:00:00
100471 | 0 | 0 | 0 | 0 | 0 | 2000-01-01T00:00:00 |  2000-01-01T00:00:00
100472 | 0 | 0 | 0 | 0 | 0 | 2000-01-01T00:00:00 |  2000-01-01T00:00:00
100473 | 0 | 0 | 0 | 0 | 0 | 2000-01-01T00:00:00 |  2000-01-01T00:00:00
100474 | 0 | 0 | 0 | 0 | 0 | 2000-01-01T00:00:00 |  2000-01-01T00:00:00
100475 | 0 | 0 | 0 | 0 | 0 | 2000-01-01T00:00:00 |  2000-01-01T00:00:00
100476 | 0 | 0 | 0 | 0 | 0 | 2000-01-01T00:00:00 |  2000-01-01T00:00:00
100477 | 0 | 0 | 0 | 0 | 0 | 2000-01-01T00:00:00 |  2000-01-01T00:00:00
100478 | 0 | 0 | 0 | 0 | 0 | 2000-01-01T00:00:00 |  2000-01-01T00:00:00
100479 | 0 | 0 | 0 | 0 | 0 | 2000-01-01T00:00:00 |  2000-01-01T00:00:00
100480 | 0 | 0 | 0 | 0 | 0 | 2000-01-01T00:00:00 |  2000-01-01T00:00:00
100481 | 0 | 0 | 0 | 0 | 0 | 2000-01-01T00:00:00 |  2000-01-01T00:00:00
100482 | 0 | 0 | 0 | 0 | 0 | 2000-01-01T00:00:00 |  2000-01-01T00:00:00
100483 | 0 | 0 | 0 | 0 | 0 | 2000-01-01T00:00:00 |  2000-01-01T00:00:00
100484 | 0 | 0 | 0 | 0 | 0 | 2000-01-01T00:00:00 |  2000-01-01T00:00:00
100485 | 0 | 0 | 0 | 0 | 0 | 2000-01-01T00:00:00 |  2000-01-01T00:00:00
100486 | 0 | 0 | 0 | 0 | 0 | 2000-01-01T00:00:00 |  2000-01-01T00:00:00
100487 | 0 | 0 | 0 | 0 | 0 | 2000-01-01T00:00:00 |  2000-01-01T00:00:00
100488 | 0 | 0 | 0 | 0 | 0 | 2000-01-01T00:00:00 |  2000-01-01T00:00:00
100489 | 0 | 0 | 0 | 0 | 0 | 2000-01-01T00:00:00 |  2000-01-01T00:00:00
100490 | 0 | 0 | 0 | 0 | 0 | 2000-01-01T00:00:00 |  2000-01-01T00:00:00
100491 | 0 | 0 | 0 | 0 | 0 | 2000-01-01T00:00:00 |  2000-01-01T00:00:00
100492 | 0 | 0 | 0 | 0 | 0 | 2000-01-01T00:00:00 |  2000-01-01T00:00:00
100493 | 0 | 0 | 0 | 0 | 0 | 2000-01-01T00:00:00 |  2000-01-01T00:00:00
100494 | 0 | 0 | 0 | 0 | 0 | 2000-01-01T00:00:00 |  2000-01-01T00:00:00
100495 | 0 | 0 | 0 | 0 | 0 | 2000-01-01T00:00:00 |  2000-01-01T00:00:00
100496 | 0 | 0 | 0 | 0 | 0 | 2000-01-01T00:00:00 |  2000-01-01T00:00:00
100497 | 0 | 0 | 0 | 0 | 0 | 2000-01-01T00:00:00 |  2000-01-01T00:00:00
100500 | 0 | 0 | 0 | 0 | 0 | 2000-01-01T00:00:00 |  2000-01-01T00:00:00
100501 | 0 | 0 | 0 | 0 | 0 | 2000-01-01T00:00:00 |  2000-01-01T00:00:00
100502 | 0 | 0 | 0 | 0 | 0 | 2000-01-01T00:00:00 |  2000-01-01T00:00:00
100503 | 0 | 0 | 0 | 0 | 0 | 2000-01-01T00:00:00 |  2000-01-01T00:00:00
100505 | 0 | 0 | 0 | 0 | 0 | 2000-01-01T00:00:00 |  2000-01-01T00:00:00
100506 | 0 | 0 | 0 | 0 | 0 | 2000-01-01T00:00:00 |  2000-01-01T00:00:00
